Gaji Histrory:

INSERT INTO `gaji_history` (`gaji_id`, `user_id`, `tahun`, `bulan`, `gaji_pokok`, `tunjangan`, `pemotongan`, `gaji_total`, `status_pembayaran`)
VALUES
(663, 35, 2024, 03, 2500000, 0, 3000, 2500000 - 3000, 'disimpan'),
(664, 36, 2024, 03, 2800000, 0, 1500, 2800000 - 1500, 'disimpan'),
(665, 37, 2024, 03, 2200000, 0, 5000, 2200000 - 5000, 'disimpan'),
(666, 54, 2024, 03, 2900000, 0, 2000, 2900000 - 2000, 'disimpan'),
(667, 55, 2024, 03, 2100000, 0, 4000, 2100000 - 4000, 'disimpan'),

(668, 35, 2024, 04, 2600000, 0, 2500, 2600000 - 2500, 'disimpan'),
(669, 36, 2024, 04, 2700000, 0, 1000, 2700000 - 1000, 'disimpan'),
(670, 37, 2024, 04, 2300000, 0, 3500, 2300000 - 3500, 'disimpan'),
(671, 54, 2024, 04, 3000000, 0, 1500, 3000000 - 1500, 'disimpan'),
(672, 55, 2024, 04, 2200000, 0, 3000, 2200000 - 3000, 'disimpan'),

(673, 35, 2024, 05, 2400000, 0, 4000, 2400000 - 4000, 'disimpan'),
(674, 36, 2024, 05, 2900000, 0, 2000, 2900000 - 2000, 'disimpan'),
(675, 37, 2024, 05, 2100000, 0, 1000, 2100000 - 1000, 'disimpan'),
(676, 54, 2024, 05, 2800000, 0, 500, 2800000 - 500, 'disimpan'),
(677, 55, 2024, 05, 2500000, 0, 3000, 2500000 - 3000, 'disimpan'),

(678, 35, 2024, 06, 2700000, 0, 1000, 2700000 - 1000, 'disimpan'),
(679, 36, 2024, 06, 3000000, 0, 3000, 3000000 - 3000, 'disimpan'),
(680, 37, 2024, 06, 2000000, 0, 2500, 2000000 - 2500, 'disimpan'),
(681, 54, 2024, 06, 2900000, 0, 1500, 2900000 - 1500, 'disimpan'),
(682, 55, 2024, 06, 2200000, 0, 5000, 2200000 - 5000, 'disimpan');